38 200


24 3 35 33 14 13 29 31 11 21 20 7 27 23 15 6 12 17 30 1 26 37 25 22 16 32 9 36 2 10 19 34 28 18 38 8 5 4
3 26 19 13 6 1 2 4 5 7 8 9 10 11 12 14 15 16 17 18 20 21 22 23 24 25 27 28 29 30 31 32 33 34 35 36 37 38




0 1 0 0 0 0 1 1 1 1 1 1 0 0 1 1 0 0 0 0 0 1 0 1 1 1 0 0 0 0 1 0 0 0 1 1 1 0 0 1 1 1 1 0 0 0 1 1 1 0 1 1 1 1 0 0 0 0 1 1 1 0 1 1 0 0 1 0 1 0 0 0 0 0 0 0 1 1 1 0 1 1 1 0 1 1 1 1 1 1 0 1 0 1 0 1 1 1 0 1 0 0 0 0 0 0 0 0 0 1 0 0 1 1 1 0 0 1 1 1 1 1 0 1 0 1 0 0 0 1 1 0 0 1 1 0 1 1 0 1 1 1 0 1 1 0 1 0 0 1 0 0 1 0 1 1 0 0 1 0 0 0 1 0 0 0 0 0 0 1 0 0 1 0 0 0 1 0 1 0 0 1 1 1 1 0 0 0 1 1 1 1 1 0 0 0 0 1 0 1 
0 1 0 1 1 1 0 1 0 0 1 1 0 1 1 0 1 0 0 1 1 0 1 1 0 0 0 1 0 1 0 0 0 0 0 0 0 1 0 1 1 0 0 1 1 1 0 1 0 0 0 0 0 1 0 1 0 1 0 0 0 0 0 1 0 1 1 1 1 1 1 0 0 1 0 1 0 1 0 1 0 0 0 0 0 1 0 1 1 0 1 0 1 0 1 0 0 1 0 1 0 1 0 1 1 1 1 1 1 0 0 1 1 0 0 1 1 1 0 0 1 1 0 0 1 1 1 0 0 1 0 1 0 0 0 1 1 1 0 0 1 1 0 1 0 0 0 0 0 1 1 1 0 0 0 1 0 0 0 0 0 1 0 1 1 0 1 0 0 1 1 1 0 1 0 0 1 1 0 0 1 0 1 0 1 0 0 1 1 0 0 0 1 1 1 0 1 0 0 1 
1 0 1 0 0 0 0 0 0 0 1 1 0 1 0 0 1 1 1 0 0 0 0 1 1 0 1 1 0 0 1 0 1 0 1 0 1 1 0 1 1 0 1 1 0 0 1 0 1 1 0 0 1 1 0 0 1 1 0 1 1 1 1 0 1 0 0 1 1 0 1 1 1 1 0 0 0 1 1 0 1 1 1 1 0 0 1 1 1 0 0 0 1 1 1 1 1 0 0 0 0 1 1 0 0 1 1 1 0 1 1 1 1 1 1 0 1 1 1 0 0 0 0 1 0 1 1 1 0 1 0 1 0 0 1 1 0 1 1 0 1 0 0 1 0 1 0 1 0 0 1 0 0 1 1 1 1 1 0 0 1 1 1 0 1 0 0 1 1 1 0 1 1 1 1 1 1 0 1 1 0 0 1 1 0 1 0 0 0 1 0 0 0 1 1 1 1 1 0 0 
1 0 0 0 0 1 0 1 0 0 1 0 0 0 1 1 1 0 1 0 1 0 1 0 0 0 0 0 1 0 0 0 1 0 0 0 1 1 1 0 1 1 1 0 0 1 0 1 0 1 1 0 0 0 1 1 0 0 1 1 0 1 1 0 0 0 0 0 1 0 0 0 0 0 0 1 0 0 0 1 1 0 1 1 1 1 0 0 0 0 1 1 1 0 0 0 0 0 1 1 1 0 0 0 0 0 0 0 1 0 0 0 0 1 1 1 1 1 0 1 0 0 0 0 1 1 1 1 0 0 0 0 0 0 1 0 0 0 0 1 1 1 1 0 1 1 1 1 1 0 0 0 1 0 0 0 0 1 0 0 0 0 0 1 0 0 0 1 0 1 0 1 0 1 1 0 1 1 1 1 1 0 1 0 0 1 1 0 0 1 1 1 1 1 0 0 1 0 0 0 
1 0 1 0 1 1 0 0 0 0 1 1 1 0 0 1 0 0 0 1 0 0 0 0 1 0 1 0 1 0 0 0 1 1 0 0 0 0 1 1 0 0 0 0 1 1 0 0 0 0 0 0 0 1 0 0 1 0 0 1 1 1 1 0 0 0 0 1 0 0 0 1 1 0 0 0 1 0 1 0 0 0 1 1 1 0 1 1 0 1 0 1 0 1 0 1 0 1 1 0 0 0 0 0 0 1 0 1 1 1 0 0 1 0 1 1 1 0 1 1 0 1 0 0 0 0 1 0 0 0 1 1 1 1 0 0 1 1 0 1 0 1 0 1 1 0 1 1 1 0 0 0 1 1 1 0 0 1 1 0 0 1 0 0 1 0 1 1 1 0 0 0 0 1 1 1 0 0 0 1 1 0 1 0 0 0 0 1 1 1 1 0 1 0 1 1 0 1 1 0 
0 1 0 0 1 0 0 1 1 1 1 1 0 1 0 0 0 1 0 1 1 1 0 0 1 0 0 0 1 0 0 1 1 1 1 0 0 0 0 0 0 1 0 0 0 1 1 0 0 0 0 0 1 1 0 1 1 1 0 0 1 1 0 0 1 1 1 1 0 1 0 1 0 0 0 0 0 1 0 1 0 0 1 0 1 0 0 1 0 1 0 1 1 0 1 1 1 0 0 1 0 1 0 1 1 0 1 0 0 1 0 0 0 1 1 0 1 1 1 0 1 1 1 0 0 1 1 0 1 1 0 1 1 1 1 1 1 1 1 1 0 0 0 0 0 0 1 0 1 0 1 1 1 0 0 1 0 1 0 1 0 0 1 1 1 0 1 1 1 0 0 1 1 1 1 1 0 1 0 1 0 0 1 1 0 0 1 1 0 0 0 0 1 0 1 1 0 1 0 0 
0 0 0 1 1 0 1 1 1 0 0 1 1 0 0 1 0 1 0 1 0 0 1 1 1 1 0 1 1 1 1 1 0 1 1 0 0 1 1 1 1 1 1 1 1 1 1 0 0 1 1 1 1 0 1 0 1 1 0 1 0 1 1 0 0 0 1 0 1 1 1 0 0 0 0 0 0 1 0 0 1 0 0 1 1 0 1 0 0 0 1 0 0 0 1 1 1 1 1 1 0 0 0 0 0 1 0 1 0 0 0 0 1 0 1 1 0 1 0 0 1 1 0 1 1 1 1 1 1 1 1 0 0 0 1 1 0 1 0 0 1 0 1 1 1 1 0 0 0 0 0 1 0 0 1 1 0 1 1 1 0 1 0 0 1 0 1 1 1 1 0 1 0 0 0 0 1 1 1 1 1 0 0 1 1 0 1 0 0 0 0 1 0 1 0 0 1 0 0 1 
0 0 0 0 0 0 0 0 0 1 1 1 0 0 1 1 1 0 0 0 0 0 1 0 0 1 1 1 0 1 0 1 0 0 1 0 0 0 1 0 1 1 1 1 0 0 1 1 1 1 1 1 0 1 0 1 0 0 0 1 0 1 0 0 1 0 0 0 0 1 0 0 0 0 1 0 0 0 0 0 0 1 0 0 0 1 0 0 0 1 1 0 1 1 0 0 0 0 1 0 1 1 1 1 0 1 1 1 1 0 0 1 0 1 0 0 0 1 1 1 0 0 0 1 0 1 0 0 1 1 1 0 0 1 0 1 1 0 0 1 1 1 1 0 0 0 1 1 0 0 1 0 1 0 1 0 1 1 0 1 1 0 0 1 1 1 0 0 1 1 1 0 0 0 0 0 0 1 0 1 1 1 0 1 0 1 0 0 1 0 0 0 1 1 1 0 0 0 0 0 
0 0 0 0 1 0 1 0 0 1 0 0 0 0 0 1 0 1 0 1 0 0 0 1 1 1 1 0 0 0 0 1 0 0 1 0 0 0 1 1 0 1 0 0 0 1 0 0 1 0 0 0 0 1 0 0 0 0 0 0 1 0 0 0 1 1 1 1 0 0 1 0 0 1 0 0 1 1 1 1 0 0 1 1 0 1 0 1 0 0 0 0 1 1 0 1 0 1 0 0 1 0 0 0 1 0 0 1 0 0 0 1 1 1 1 1 1 0 1 1 1 1 1 0 1 0 1 0 1 1 0 1 0 0 0 0 1 1 1 1 0 0 1 0 1 1 1 1 0 1 0 1 0 1 0 0 0 1 0 0 1 0 1 0 1 0 1 1 1 1 0 1 1 1 0 1 1 0 0 0 1 0 1 0 1 0 1 0 1 1 1 0 1 1 1 1 1 1 1 0 
0 1 0 0 1 0 1 1 1 0 1 0 0 1 0 1 0 0 0 0 1 0 0 0 1 0 0 1 0 0 0 1 0 1 0 1 0 0 1 1 1 0 0 1 1 0 0 0 1 0 0 0 0 0 0 0 0 0 0 0 0 0 1 0 1 0 0 0 0 1 0 0 1 0 1 0 0 1 1 0 1 0 0 1 0 0 1 1 1 1 1 0 1 1 1 0 1 1 0 1 0 1 0 1 1 1 0 1 1 1 1 1 0 1 0 1 1 1 0 0 1 1 0 0 0 1 0 1 0 0 1 1 1 1 0 0 0 1 0 0 0 1 1 0 0 1 1 1 0 0 0 1 0 0 1 0 1 0 0 1 1 0 0 1 0 1 0 1 0 1 1 0 1 0 1 1 1 1 1 1 1 0 0 1 0 1 1 1 0 1 0 1 1 1 1 0 0 0 0 0 
1 0 1 1 1 0 0 0 0 1 0 1 0 0 1 1 0 0 1 0 0 0 1 0 1 1 1 0 0 1 0 0 0 1 1 0 1 0 1 1 0 1 0 1 1 0 1 0 1 0 1 0 0 1 1 1 0 1 1 1 0 1 0 1 1 0 0 1 1 1 0 0 0 0 0 0 1 1 1 0 1 0 0 0 1 0 0 1 0 0 0 0 1 0 0 0 0 1 1 0 1 0 0 1 1 0 1 0 0 1 1 0 1 0 1 1 0 1 1 1 1 1 1 0 0 1 0 0 0 1 0 1 1 0 1 1 1 1 1 0 1 0 0 1 0 0 1 1 1 1 1 0 1 1 0 1 1 1 1 1 0 1 1 1 0 1 0 1 1 0 0 1 0 1 1 0 1 0 0 1 1 1 0 1 1 0 1 1 0 1 1 0 1 0 0 1 0 1 0 1 
0 1 0 0 0 0 1 0 0 1 1 1 0 1 0 1 1 0 1 1 1 0 1 0 1 0 1 1 1 0 0 1 1 0 0 1 1 1 0 1 1 0 1 0 1 1 1 0 1 0 0 0 1 1 1 0 0 0 0 0 1 0 0 1 1 0 1 0 1 1 1 1 1 1 0 0 1 0 1 0 0 1 0 1 1 0 0 1 0 0 1 1 0 0 1 0 1 0 1 1 1 1 1 1 1 1 1 1 1 1 0 0 0 1 0 0 0 0 0 0 0 1 0 0 1 0 0 0 1 1 1 1 0 0 0 1 1 0 0 0 1 1 0 0 0 0 1 1 0 1 1 0 1 1 0 1 1 1 0 1 0 0 1 1 0 1 1 1 0 0 0 0 0 1 0 0 0 1 0 0 1 1 1 1 1 0 0 0 1 0 1 0 0 1 0 0 1 1 0 0 
1 1 1 0 0 0 1 1 1 0 1 1 1 1 0 0 0 1 0 1 0 1 0 0 1 0 1 1 1 0 1 1 1 1 0 0 0 0 1 0 0 0 0 1 0 1 1 0 1 1 1 0 1 1 1 0 1 0 0 1 1 1 1 1 1 1 0 1 0 0 0 0 0 0 1 0 1 1 0 0 1 0 0 1 0 1 1 1 0 1 1 1 1 0 0 1 1 0 0 0 1 0 0 0 1 1 1 1 1 1 1 1 0 0 0 0 1 0 0 0 1 0 0 1 0 1 0 1 1 0 1 1 1 1 0 0 1 0 1 1 0 1 1 0 1 0 0 1 0 0 0 1 1 1 1 0 1 0 1 1 0 1 0 1 0 0 1 1 1 1 1 1 0 0 0 1 1 0 0 0 0 0 1 0 0 0 0 1 0 1 1 1 0 1 1 0 0 1 1 1 
1 0 0 0 0 1 1 0 1 0 1 1 0 1 1 1 1 0 1 1 1 0 1 1 0 0 0 1 1 1 1 1 1 0 0 0 1 1 1 1 1 0 0 1 1 1 0 1 0 0 1 1 0 1 0 0 0 0 0 0 0 0 1 0 1 0 0 0 0 1 0 0 0 0 1 0 0 1 1 0 0 1 1 1 1 0 1 1 0 0 0 0 0 1 1 0 0 0 1 0 1 1 0 1 0 1 1 0 0 1 1 0 1 0 0 1 1 0 0 1 1 1 0 0 1 1 1 1 1 1 0 0 0 1 0 1 0 1 1 0 1 0 0 1 1 0 1 1 0 1 0 0 1 0 0 1 1 0 1 1 1 0 1 0 1 0 0 1 1 1 0 1 1 1 1 1 1 1 1 0 1 1 1 0 1 1 1 0 0 1 1 1 0 1 1 1 1 0 1 0 
0 1 0 1 1 0 0 0 1 1 0 1 0 1 1 0 1 0 1 0 0 1 0 0 0 0 1 1 1 1 1 0 1 0 1 1 1 1 1 1 0 0 0 0 1 0 0 1 0 1 0 0 1 0 1 0 1 0 1 1 0 1 1 0 0 1 0 1 1 0 1 0 0 1 1 1 0 1 1 1 0 1 1 1 1 1 0 0 0 1 1 0 0 0 1 0 1 1 0 0 1 0 1 0 0 0 0 0 0 1 1 0 1 0 1 1 1 1 1 0 0 1 0 1 0 0 0 0 1 1 1 1 0 1 1 1 0 0 0 0 0 1 0 1 1 0 1 1 0 0 0 0 0 1 0 0 1 0 1 1 0 0 0 0 0 0 0 1 0 1 0 1 1 1 0 1 1 0 0 1 0 1 0 1 1 1 0 1 1 1 1 0 0 0 1 1 1 0 1 0 
1 1 0 0 1 1 0 0 0 1 1 0 1 1 1 0 1 1 0 1 1 1 0 1 1 0 1 0 1 1 0 0 1 0 1 1 0 1 1 1 0 1 1 0 1 1 0 0 1 0 0 0 1 1 0 0 0 0 0 1 1 0 1 0 1 1 1 0 1 0 1 0 0 0 1 0 1 1 0 1 0 0 0 0 0 1 0 1 0 1 0 0 0 1 0 1 0 0 1 1 0 0 0 1 0 0 0 0 1 1 0 1 0 0 1 1 0 1 1 0 1 1 0 0 1 1 0 1 0 0 1 0 0 1 0 0 0 1 0 0 0 1 1 1 1 1 0 0 0 0 0 0 1 0 0 1 0 0 0 1 0 1 1 0 1 1 0 0 1 1 0 0 1 1 1 1 1 0 1 0 0 0 1 0 0 0 1 1 0 0 0 1 1 1 1 1 1 1 0 0 
0 0 1 1 0 1 0 1 0 0 0 1 1 1 0 0 1 0 1 1 1 1 1 0 1 1 1 0 0 1 0 1 1 0 0 1 0 0 1 1 1 1 0 0 0 1 1 1 1 0 1 0 1 0 0 0 1 1 0 1 1 1 0 0 0 0 0 0 0 1 1 1 1 0 0 1 1 0 0 0 1 0 1 0 1 0 0 1 1 0 1 1 0 0 0 0 0 1 0 0 1 1 1 0 1 0 1 0 0 0 0 0 1 0 1 1 1 1 1 1 0 1 0 0 0 0 1 1 0 0 0 0 0 1 0 1 0 0 1 0 1 0 1 1 0 1 1 0 0 1 1 1 0 0 1 0 1 0 1 1 1 0 1 0 0 1 1 1 1 0 1 0 1 0 0 1 0 1 1 0 0 0 1 1 0 1 1 0 1 1 0 1 0 1 0 0 1 0 1 0 
0 0 1 0 0 1 0 1 1 0 0 1 0 1 0 0 0 1 1 0 1 0 0 1 1 0 1 0 1 1 0 1 1 0 0 1 0 0 1 0 1 0 0 1 0 0 1 0 1 0 0 1 0 0 1 1 1 1 0 1 1 0 1 1 1 0 0 1 0 1 1 0 1 1 1 1 1 1 1 1 0 0 0 0 0 0 0 1 0 0 1 0 0 0 1 0 0 1 1 0 0 0 0 1 1 0 1 0 1 0 0 0 0 0 1 1 0 0 0 0 1 1 0 0 0 0 1 1 1 0 1 1 0 1 0 0 1 0 1 0 0 1 0 1 1 0 1 1 0 0 1 1 0 1 1 1 1 0 0 0 0 1 1 1 0 1 1 0 0 1 0 0 0 1 1 0 1 0 1 0 0 1 0 1 0 1 0 0 1 1 1 0 0 0 0 0 1 0 0 0 
1 0 1 0 0 0 1 0 0 0 1 0 1 0 1 1 0 1 0 0 0 1 1 1 0 0 0 1 0 1 0 1 0 0 1 0 1 1 1 1 0 0 1 1 0 0 1 0 1 1 1 1 1 1 1 1 0 0 1 0 0 1 1 0 1 1 1 0 1 0 0 0 0 0 1 0 0 0 0 1 0 0 1 1 0 0 0 0 1 1 0 1 0 1 0 0 0 0 1 0 0 0 0 1 0 0 1 0 1 0 1 0 0 1 0 1 1 0 1 0 0 0 1 0 1 1 0 1 1 0 0 0 0 0 0 0 0 0 0 1 0 1 1 0 1 1 1 0 1 1 1 1 1 0 1 0 1 1 0 1 0 1 1 1 0 1 0 1 0 1 1 0 0 0 0 1 1 0 0 1 1 1 0 0 0 0 0 0 1 1 1 0 0 1 1 0 1 0 0 0 
0 0 1 1 0 1 0 1 0 1 1 1 1 1 0 0 0 1 1 1 0 1 1 1 1 0 0 0 1 1 0 1 0 0 1 0 1 0 0 0 1 0 1 1 0 1 1 1 1 1 1 1 1 1 0 0 1 0 1 0 0 1 0 0 0 0 0 1 1 0 0 1 1 1 1 0 1 1 0 0 0 0 0 0 0 1 0 0 1 1 1 1 1 1 0 0 1 1 0 1 1 0 1 0 0 0 1 0 0 1 1 0 0 1 1 1 0 0 0 1 1 0 1 1 0 0 1 0 0 1 1 1 0 0 0 0 0 1 1 0 0 1 1 0 0 0 1 1 0 0 1 1 0 0 1 1 0 1 1 0 1 0 1 0 0 0 1 1 1 1 0 1 0 1 1 0 1 1 0 1 1 1 0 0 1 0 1 1 0 0 0 1 0 0 0 1 1 0 1 1 
1 0 0 1 0 0 0 1 0 1 1 1 0 0 0 0 0 0 1 0 1 1 0 0 1 1 1 1 0 0 1 1 1 1 0 0 0 1 0 0 0 0 1 1 1 0 0 1 1 1 1 0 0 1 1 1 0 1 1 1 1 0 1 0 0 1 0 1 0 0 1 1 1 1 1 0 1 0 0 1 1 0 0 0 1 1 1 0 0 0 1 0 1 0 1 0 0 0 1 1 0 0 0 0 1 1 0 0 1 0 0 0 0 0 1 1 0 1 0 0 0 0 0 1 1 1 1 1 1 1 0 1 0 1 1 1 0 0 1 1 1 0 0 1 1 1 0 0 1 1 0 1 1 1 1 1 1 1 1 1 0 0 1 1 0 0 1 1 0 1 0 0 1 1 1 1 0 0 0 1 1 1 1 0 0 0 1 0 0 0 0 0 0 0 0 1 1 1 1 1 
0 0 1 1 1 1 1 0 0 0 0 1 0 1 0 1 1 1 0 0 1 0 0 1 0 0 1 0 0 1 1 0 1 0 1 0 1 0 0 1 1 1 1 0 0 1 0 0 1 1 1 0 0 0 1 0 0 1 0 0 1 1 0 0 1 1 0 1 0 0 0 0 1 0 1 0 0 1 1 1 0 1 0 1 1 1 0 1 0 1 1 0 0 1 0 0 0 0 0 0 1 0 0 0 1 1 1 1 1 0 1 0 1 0 0 1 0 0 0 1 1 0 0 0 1 1 1 0 0 1 1 0 0 1 0 0 1 1 0 1 1 1 0 1 1 0 0 1 0 1 1 1 1 1 0 1 1 1 1 0 1 1 0 0 1 1 0 0 0 0 1 0 0 1 1 0 0 0 0 1 0 0 1 0 0 1 1 0 1 0 1 0 1 0 0 1 1 0 1 0 
1 1 0 1 1 1 1 1 1 1 0 1 1 1 0 1 0 1 0 0 0 0 0 0 0 0 1 1 0 0 1 0 0 1 1 0 0 1 1 0 0 1 0 1 0 0 1 0 1 1 1 0 0 1 0 0 0 0 0 1 0 0 0 0 1 1 0 1 0 1 1 0 0 1 1 1 1 0 0 1 1 0 0 0 0 1 0 1 1 1 0 1 1 1 0 0 0 0 1 0 0 0 1 1 0 1 1 1 1 1 1 1 1 1 0 0 1 1 0 0 0 1 0 1 1 1 1 0 0 1 1 1 1 0 0 1 1 1 0 1 1 0 1 1 1 1 0 1 0 0 0 1 1 1 0 1 0 0 1 1 0 1 1 0 0 0 0 1 0 1 0 0 0 0 1 0 1 0 0 1 0 1 1 0 0 1 1 0 0 1 1 0 1 1 1 1 0 0 0 1 
1 0 0 1 1 1 1 1 0 1 0 1 1 1 1 1 1 1 1 1 0 0 1 0 1 0 1 1 0 1 1 0 0 0 1 0 1 1 0 0 1 1 1 1 1 1 1 0 0 0 0 1 0 1 0 1 1 1 0 0 1 1 1 0 0 0 1 0 1 1 1 0 0 1 1 0 1 1 1 0 0 0 0 0 0 1 1 0 1 1 1 0 0 0 0 0 1 0 1 0 1 1 1 0 0 0 0 1 0 1 1 0 1 1 0 0 0 0 1 1 0 1 1 1 1 1 0 0 0 1 0 1 1 0 0 0 1 0 1 0 1 1 1 0 0 0 1 0 1 0 1 1 0 1 0 0 0 1 1 1 1 0 0 0 1 1 0 0 1 0 0 0 0 1 0 1 1 0 1 1 1 1 1 1 1 1 1 0 1 0 1 0 0 0 0 1 1 1 1 1 
1 0 0 1 1 1 1 1 1 0 1 1 0 0 1 0 0 0 1 1 1 1 1 1 0 0 0 1 1 1 1 1 0 1 0 0 1 1 0 1 1 1 0 0 1 1 0 0 0 1 1 1 1 0 0 0 0 1 1 0 1 1 0 0 0 0 0 1 0 0 0 0 0 0 1 1 0 0 0 0 1 0 1 1 1 0 0 1 1 0 1 0 0 0 0 0 1 1 0 0 1 0 1 1 0 0 1 1 0 1 0 0 1 1 1 1 0 0 1 1 0 1 0 1 0 0 0 1 0 1 1 0 0 0 1 1 1 1 0 0 0 1 1 0 0 1 0 1 1 1 1 1 0 0 0 0 0 1 1 0 1 0 1 1 0 1 1 1 0 1 1 0 0 0 0 0 0 0 0 0 0 1 0 1 1 0 1 0 0 1 1 1 1 0 0 1 1 0 0 0 
1 1 0 1 1 1 1 0 1 0 0 1 0 0 1 0 0 0 0 0 1 0 1 0 1 1 0 0 1 1 0 0 1 1 0 1 0 1 1 1 0 1 1 1 1 1 1 1 1 1 0 0 0 1 1 0 0 0 1 0 0 0 0 0 1 0 0 1 1 0 1 0 0 0 1 1 1 0 0 0 0 1 1 0 0 0 0 1 0 1 1 0 0 1 1 0 0 1 0 1 0 1 1 1 0 1 0 0 1 0 0 0 0 0 1 0 0 0 1 1 1 1 1 1 1 0 0 1 0 0 0 0 1 1 1 0 1 0 0 0 1 1 1 1 1 1 1 0 0 1 0 1 1 0 0 0 0 0 1 1 0 1 1 1 0 1 1 1 0 0 0 0 0 0 1 1 0 1 0 1 0 1 0 1 1 0 1 1 0 1 0 1 1 1 0 1 1 0 0 0 
0 1 1 1 0 0 0 0 0 1 1 1 1 1 0 0 1 1 1 1 0 0 0 0 0 0 1 1 0 1 1 1 1 0 0 1 0 1 0 1 0 0 1 1 0 1 0 0 0 1 1 0 0 0 0 1 0 0 0 0 1 1 1 0 0 0 1 0 1 0 1 1 0 0 1 1 0 0 1 1 1 0 1 1 1 1 1 0 0 1 1 1 1 1 0 1 1 1 0 1 0 1 0 1 0 0 0 1 1 1 1 1 1 0 0 0 1 0 0 0 0 0 0 0 0 1 0 0 1 0 0 1 1 0 1 0 0 0 1 0 1 0 1 0 1 0 1 1 0 1 0 0 1 0 1 1 1 1 0 1 1 1 0 1 1 0 1 1 1 1 1 1 1 1 0 1 1 0 1 0 1 0 0 0 0 1 1 1 0 0 1 1 1 0 0 0 1 1 0 0 
0 1 0 1 0 0 0 1 0 1 1 0 0 0 1 0 0 0 0 0 0 0 1 1 0 0 1 0 0 0 1 1 0 1 1 0 0 1 0 1 1 0 0 0 1 0 1 1 1 0 0 0 0 1 1 0 0 1 1 1 1 0 1 1 0 0 0 1 0 1 0 1 0 1 1 1 0 1 0 1 1 0 1 1 0 1 0 1 0 1 1 1 0 0 0 0 0 0 0 1 0 1 1 1 1 0 0 1 0 1 1 0 1 0 0 1 0 0 0 0 1 0 0 1 0 0 0 0 1 0 0 0 1 0 1 1 1 0 1 0 1 0 1 0 1 1 0 0 0 0 0 0 1 1 1 0 1 1 1 1 0 1 0 0 1 0 0 1 1 1 1 0 1 1 0 0 1 0 0 0 1 0 0 1 1 1 0 1 0 0 1 0 0 0 1 1 1 0 1 1 
1 0 1 0 1 1 0 1 1 0 0 1 1 1 1 0 0 1 1 0 1 0 0 0 1 1 1 0 1 1 0 0 1 0 1 1 0 0 1 0 0 0 0 0 1 1 1 1 0 0 1 1 0 1 1 1 0 0 0 1 0 1 0 1 0 0 1 1 1 0 1 1 0 1 1 0 1 0 0 0 1 0 1 0 1 1 1 1 1 1 1 0 0 1 1 1 1 0 1 0 0 0 1 1 0 1 1 1 0 0 0 1 1 1 0 0 1 1 1 0 0 1 0 0 0 1 0 1 0 1 0 0 0 0 0 1 1 0 1 0 0 1 1 1 1 0 1 0 0 1 1 1 0 1 1 0 1 0 0 0 1 0 0 0 1 0 0 1 1 0 1 1 1 0 1 1 1 0 1 1 0 0 0 0 1 1 0 1 0 0 1 1 0 1 0 1 0 0 0 1 
1 0 1 1 1 1 0 1 1 0 1 0 1 1 0 1 0 0 0 0 0 0 1 1 1 0 1 1 0 0 0 0 0 0 1 1 0 1 0 0 1 1 1 1 0 0 0 1 0 0 0 0 0 0 1 0 1 0 1 0 0 0 1 0 0 1 0 1 0 1 0 0 1 0 1 0 0 0 0 0 0 1 1 1 1 0 1 0 0 1 0 1 1 1 0 0 0 1 0 0 0 0 1 0 1 1 1 0 1 1 1 1 1 0 1 1 1 0 1 0 1 0 0 0 0 1 1 0 0 1 1 1 0 1 1 0 0 0 1 1 1 1 1 1 1 0 1 1 1 0 1 1 0 0 1 0 0 1 1 1 1 1 0 1 1 1 0 0 1 0 1 0 1 1 1 0 1 0 1 1 1 0 0 1 1 0 1 0 0 0 0 0 1 0 0 0 1 0 0 1 
0 1 1 1 1 0 1 0 0 1 0 1 0 1 0 0 1 1 1 0 0 1 0 1 0 0 1 1 1 0 1 0 1 1 0 1 0 0 1 1 1 0 0 0 0 1 1 0 1 1 1 1 1 1 1 0 1 1 0 1 1 1 0 1 1 1 1 0 0 0 0 0 0 0 0 0 1 1 0 1 0 1 0 0 0 1 1 1 1 0 0 0 1 0 0 0 1 0 0 1 0 1 1 0 0 0 1 0 0 0 0 0 1 1 1 1 0 1 1 1 1 1 1 0 1 0 0 0 1 1 1 0 1 0 0 1 1 0 1 1 1 0 1 0 1 0 0 1 0 0 0 1 0 0 0 1 1 1 0 1 0 1 1 0 0 0 1 1 1 1 1 0 0 1 0 0 1 1 0 0 1 0 1 0 1 1 1 1 0 1 1 1 1 0 0 1 0 1 1 0 
1 0 0 0 1 1 1 1 0 0 1 0 0 0 0 1 1 0 1 1 0 0 0 1 1 1 0 1 1 1 1 1 0 1 0 0 1 1 1 1 1 1 0 0 1 0 1 0 0 0 0 0 1 1 1 0 0 1 1 0 0 1 0 0 1 0 0 0 0 1 1 0 1 1 1 1 0 0 1 1 0 1 1 0 0 0 1 1 1 0 0 1 0 1 1 0 1 1 0 0 0 0 0 0 1 1 1 1 0 0 0 0 1 0 0 1 0 1 0 1 0 0 0 0 1 1 0 1 1 0 1 0 1 0 0 1 1 1 0 0 0 1 1 1 0 0 1 0 1 1 1 0 1 0 0 0 1 0 1 1 0 1 1 0 0 0 1 0 1 0 0 0 1 0 0 0 0 1 1 1 0 0 0 0 0 1 1 0 0 1 0 1 1 1 0 1 1 0 0 0 
1 1 1 0 1 1 1 1 0 0 0 0 1 0 1 1 1 1 1 1 0 0 1 0 0 0 0 0 0 1 1 0 1 1 0 0 0 1 1 0 0 0 0 0 0 1 1 0 0 0 0 1 1 1 0 0 1 1 0 0 0 1 0 1 0 0 0 0 1 1 1 1 0 0 1 1 1 1 1 0 1 1 1 0 0 0 0 1 0 0 1 1 0 0 1 1 1 0 1 0 0 1 0 1 1 1 1 1 0 0 1 1 0 1 1 0 1 1 0 0 1 1 0 0 0 1 1 0 1 1 1 0 1 0 1 0 1 1 1 0 1 0 1 1 1 0 1 1 0 0 0 0 0 1 1 0 1 1 0 1 1 0 0 1 0 1 1 0 1 0 1 0 1 0 1 0 1 0 0 1 1 1 0 0 1 1 0 1 0 1 1 1 0 1 1 1 0 1 1 0 
1 1 0 0 0 0 1 0 1 0 1 1 1 1 0 1 1 1 0 0 0 0 0 1 1 1 0 1 1 0 1 1 0 0 0 0 0 1 0 1 0 1 0 0 0 0 1 1 1 0 0 0 1 0 1 0 1 0 0 1 0 1 0 1 1 0 1 1 0 0 0 1 0 0 0 0 0 0 1 0 1 0 0 0 1 1 1 0 0 1 1 1 0 0 0 0 1 1 1 0 1 1 0 1 1 1 1 1 1 0 1 0 0 1 1 1 0 1 1 0 0 0 0 0 0 1 1 0 1 0 0 0 0 0 0 1 0 0 0 0 0 1 0 0 0 1 1 0 1 0 1 0 1 0 1 1 1 1 1 0 0 1 1 1 1 0 1 0 0 1 0 1 0 1 1 0 1 1 0 0 1 0 0 1 0 1 0 1 1 0 0 0 1 1 1 0 1 0 0 0 
0 0 1 0 1 0 0 1 0 1 0 0 1 1 1 0 0 0 1 0 0 1 1 1 1 1 1 1 1 0 0 1 0 1 1 0 0 0 0 0 1 0 0 1 1 1 1 1 0 1 0 0 0 1 1 1 1 0 1 0 0 0 1 1 0 0 1 1 0 0 1 1 0 0 0 1 0 0 1 0 0 0 1 1 1 1 1 0 1 0 1 1 1 0 1 0 0 1 1 0 0 1 1 1 1 0 1 0 1 0 0 0 1 1 1 0 1 0 1 0 0 1 0 1 1 0 1 0 1 0 0 1 1 1 1 1 0 1 0 0 1 0 1 0 1 0 1 1 1 1 0 1 1 0 0 1 1 1 0 1 0 1 1 0 1 0 1 0 0 1 1 1 1 1 1 1 0 1 0 0 1 0 0 1 0 1 0 0 1 0 0 0 1 0 1 0 1 1 1 0 
0 1 0 1 0 1 0 0 1 0 0 1 0 1 1 1 1 0 1 1 1 0 0 0 0 0 0 0 1 0 0 0 1 1 1 0 0 1 1 0 1 1 1 1 1 1 0 0 1 0 0 0 0 1 0 0 1 0 1 1 1 0 1 0 0 1 0 0 0 1 0 0 0 0 0 0 1 0 0 1 0 0 0 0 1 0 0 1 1 0 1 0 1 0 1 1 0 1 0 0 0 1 0 0 1 1 1 1 0 1 1 0 0 1 0 1 1 0 0 1 0 0 1 1 0 1 0 0 0 0 0 0 1 1 1 1 1 1 0 1 1 1 1 0 0 1 0 0 1 1 1 0 0 0 0 1 1 1 1 1 0 0 1 1 0 1 0 0 1 0 0 0 0 1 0 0 1 1 1 1 0 0 0 1 1 0 1 1 0 0 1 1 1 0 1 1 0 0 1 0 
0 0 0 1 1 0 1 1 0 0 1 1 1 0 1 0 0 1 0 0 1 1 1 0 0 0 1 1 1 1 0 1 1 1 0 0 0 1 0 0 0 1 1 0 0 1 1 0 0 1 0 0 1 1 0 1 0 0 0 0 1 0 1 0 0 1 1 0 1 0 1 1 1 1 0 0 1 1 0 0 0 0 1 0 0 1 1 1 0 0 1 0 1 0 0 1 1 1 0 1 1 1 0 0 1 1 0 0 0 0 1 0 1 0 1 1 1 1 0 0 0 1 1 1 0 1 0 1 0 0 0 0 0 1 0 1 1 0 0 0 0 0 0 0 0 1 1 0 1 1 1 1 0 0 0 1 0 1 1 1 0 1 1 1 0 1 0 1 1 1 1 0 0 0 1 1 1 1 0 0 1 0 0 0 0 1 1 1 1 1 0 1 0 0 0 0 0 0 1 1 
1 1 1 1 0 1 1 0 0 0 0 1 1 0 1 0 0 0 1 1 1 1 1 1 0 0 0 1 0 0 0 1 0 0 0 0 0 0 0 1 0 1 1 0 1 1 1 0 0 0 1 0 1 0 1 0 0 1 0 1 0 0 1 0 1 0 0 1 1 1 0 0 1 1 0 0 0 0 1 1 0 1 1 0 0 1 1 0 1 0 0 0 1 1 1 0 1 1 1 0 0 0 0 0 0 1 0 0 0 1 0 0 0 0 0 0 0 0 1 1 1 0 0 0 0 0 0 0 1 0 1 1 1 0 1 1 1 0 1 0 0 1 0 0 0 1 1 0 0 1 0 1 1 0 1 1 0 1 1 0 0 0 1 1 1 0 1 1 1 0 0 1 1 1 0 1 1 0 0 1 0 1 0 0 1 0 0 1 0 0 0 0 1 0 1 0 1 1 1 0 

